638
-1.0

-82
-49.5
-52
-4.5
-43
-46
-13.5
-18.0
-63
-28.0
-33
-4.0
-42
-45
-10.0
-14.5
-64
-26.5
-34
-3.5
-43
-46
-8.5
-13.0
-65
-25.0
-35
-3.0
-44
-47
-7.0
-11.5
-66
-23.5
-36
-2.5
-45
-48
-5.5
-10.0
-67
-22.0
-37
-2.0
-46
-49
-4.0
-8.5
-68
-20.5
-38
-1.5
-47
-50
-2.5
-7.0
-69
-19.0
-39
-1.0

602
56.0

-44.0
-6.5
-9.0
38.5
0.0
-3.0
34.5
30.0
-20.0
20.0
10.0
40.0
1.0
-2.0
38.0
33.5
-21.0
21.5
9.0
41.5
0.0
-3.0
39.5
35.0
-22.0
23.0
8.0
43.0
-1.0
-4.0
41.0
36.5
-23.0
24.5
7.0
44.5
-27.0
30.5
3.0
47.5
-6.0
-9.0
47.5
44.0
-28.0
32.0
2.0
48.0
-44.0
48.0
-14.0
56.0

1034
130.0

0.0
37.5
30.0
82.5
64.0
61.0
82.5
78.0
44.0
82.0
74.0
84.0
65.0
62.0
84.0
79.5
43.0
82.5
73.0
85.5
64.0
61.0
85.5
81.0
42.0
85.0
72.0
87.0
63.0
60.0
87.0
86.5
41.0
86.5
71.0
88.5
27.0
71.5
57.0
109.5
48.0
45.0
99.5
95.0
26.0
109.0
56.0
111.0
0.0
85.0
30.0
130.0

1318
227.0

67.0
104.5
97.0
149.5
149.0
148.0
122.5
118.0
131.0
143.0
140.0
151.0
149.0
149.0
124.0
119.5
130.0
150.5
138.0
152.5
151.0
148.0
125.5
121.0
129.0
151.0
136.0
154.0
150.0
147.0
127.0
122.5
128.0
151.5
134.0
155.5
104.0
146.5
134.0
191.5
125.0
122.0
191.5
187.0
103.0
185.0
133.0
193.0
67.0
182.0
97.0
227.0

1636
341.0

151.0
188.5
181.0
233.5
219.0
216.0
206.5
202.0
233.0
190.0
227.0
235.0
218.0
215.0
208.0
203.5
234.0
191.5
226.0
236.5
217.0
214.0
209.5
205.0
233.0
193.0
225.0
238.0
216.0
238.0
211.0
206.5
232.0
194.5
238.0
239.5
198.0
245.5
228.0
290.5
219.0
216.0
263.5
259.0
197.0
273.0
227.0
292.0
151.0
296.0
181.0
341.0

1764
551.0

255.0
292.5
285.0
337.5
333.0
330.0
310.5
306.0
311.0
294.0
284.0
339.0
332.0
329.0
312.0
307.5
336.0
295.5
339.0
340.5
331.0
328.0
313.5
309.0
334.0
297.0
339.0
342.0
330.0
327.0
315.0
310.5
332.0
298.5
338.0
343.5
312.0
364.5
342.0
409.5
333.0
330.0
382.5
378.0
311.0
402.0
341.0
411.0
255.0
506.0
285.0
551.0

990
599.0

448.0
485.5
479.0
530.5
526.0
523.0
504.5
500.0
506.0
525.0
515.0
532.0
527.0
524.0
506.0
501.5
505.0
525.5
532.0
533.5
526.0
523.0
507.5
503.0
504.0
526.0
533.0
535.0
525.0
522.0
509.0
504.5
503.0
526.5
533.0
536.5
449.0
553.5
479.0
598.5
470.0
467.0
581.5
577.0
448.0
575.0
478.0
599.0

870
735.0

552.0
594.5
582.0
639.5
639.0
639.0
633.5
629.0
628.0
617.0
637.0
641.0
641.0
638.0
635.0
630.5
627.0
618.5
635.0
642.5
621.0
627.5
642.0
651.5
642.0
639.0
645.5
641.0
620.0
629.0
650.0
653.0
573.0
678.5
603.0
723.5
552.0
690.0
582.0
735.0

